--constants
X = 0.22
X_prime = 1.0
h0 = 0.194
h0_prime = 0.195
delta_x_rail = 0.05
delta_h_tri = 0.0005
delta_t_in = 0.05

--table[5,4]
1  0.15  0.40  1.3  2.7
2  0.15  0.50  1.3  3.1
3  0.15  0.70  1.4  3.7
4  0.15  0.90  1.3  4.1
5  0.15  1.10  1.4  4.7

--table[5,2,5,2]
1 0.202 0.194 1 1.3 2.9
2 1.4 2.9
3 1.2 3.1
4 1.3 3.1
5 1.2 3.1

2 0.212 0.194 1 1.0 3.0
2 0.9 3.2
3 1.2 3.3
4 0.9 3.2
5 0.9 3.2

3 0.223 0.194 1 0.7 2.3
2 0.7 2.5
3 0.7 2.5
4 0.7 2.5
5 0.7 2.6

4 0.234 0.194 1 0.6 2.2
2 0.7 2.4
3 0.6 2.2
4 0.7 2.2
5 0.6 2.2

5 0.246 0.194 1 0.5 1.9
2 0.5 2.0
3 0.5 1.9
4 0.7 2.0
5 0.6 2.0